# Created by Octave 4.0.0, Fri Sep 01 14:15:10 2017 EDT <jason@jason-Latitude-XT2>
# name: block
# type: matrix
# rows: 1
# columns: 9
 0 2 4 6 8 10 25 50 75


# name: ecc
# type: matrix
# rows: 1
# columns: 9
 0.98521 0.98193 0.98227 0.97823 0.97803 0.97785 0.97404 0.96975 0.96529


# name: eccnorm
# type: matrix
# rows: 1
# columns: 9
 1 0.9966707605485124 0.9970158646379959 0.9929152160453102 0.9927122136397315 0.9925295114747109 0.9886623156484404 0.9843079140487815 0.9797809604043808


# name: semimajor
# type: matrix
# rows: 1
# columns: 9
 0.63692 0.65548 0.6021300000000001 0.61398 0.56679 0.55824 0.53725 0.51457 0.53205


# name: semimajor50
# type: matrix
# rows: 1
# columns: 9
 0.76141 0.7833599999999999 0.79321 0.64353 0.71202 0.6317700000000001 0.60645 0.6055 0.65191


# name: semimajor55
# type: matrix
# rows: 1
# columns: 9
 0.8555700000000001 0.7677 0.73995 0.77974 0.69889 0.77046 0.72784 0.67754 0.72119


