# Created by Octave 4.0.3, Thu Aug 31 19:43:48 2017 EDT <jason@jasonlinux>
# name: block
# type: matrix
# rows: 1
# columns: 9
 0 2 4 6 8 10 25 50 75


# name: ecc
# type: matrix
# rows: 1
# columns: 9
 0.98521 0.98193 0.98227 0.97823 0.97803 0.97785 0.97404 0.96975 0.96529


# name: eccnorm
# type: matrix
# rows: 1
# columns: 9
 1 0.9966707605485124 0.9970158646379959 0.9929152160453102 0.9927122136397315 0.9925295114747109 0.9886623156484404 0.9843079140487815 0.9797809604043808


